163
10
16
17
3
50
49
48
1000
990
19
1000000
10000000
100000000
1103355
7014385
1133265
27919128
12472515
28656235
6630261
86205015
20291635
1533876
9779253
7498128
5305653
31098441
57947995
13747146
59399550
35074500
1836486
75466755
6791455
40306731
11080278
1014600
27949026
135460
32574556
85680595
2734291
41091645
13637253
562330
61721605
62311866
20253430
61377660
93920365
25450545
24545521
76601253
32995626
50035006
12627825
98511666
3918600
7259955
1208235
34142716
88199121
49885066
34
357
127
445
396
183
535
961
119
819
9466
3306
2860
6561
3450
4997
2166
5298
4565
7940
94582053
51043294
94734024
17412662
7195927
41640690
24816841
88264276
55611766
26066383
84538735
89234128
27307476
17196159
86437809
70309882
46925299
6545520
59672244
58140735
72217910
82108168
29328480
50011471
15185324
24476334
5099026
74433076
21486465
20795581
116
558
734
179
730
957
692
581
937
693
4660
1637
7226
3649
9153
2447
3638
2228
5300
8160
11228313
37247018
37870604
16871094
38378066
1278478
99659597
74783399
5532193
66116276
53049515
43371682
42538469
56809171
32406560
32874152
77424917
77693929
7060689
80183832
79930304
3762850
8667071
49791262
92829917
27455259
7481051
57485407
16130750
15720804
