4 2 4 8 9
6 1 3 12 4
   2 10
5 9
2 -4 -10 -5
615 -1000000
-990000 -980000 -970000 -960000 -950000 -940000 -930000 -920000 -910000 -900000
-890000 -880000 -870000 -860000 -850000 -840000 -830000 -820000 -810000 -800000
-790000 -780000 -770000 -760000 -750000 -740000 -730000 -720000 -710000 -700000
-690000 -680000 -670000 -660000 -650000 -640000 -630000 -620000 -610000 -600000
-590000 -580000 -570000 -560000 -550000 -540000 -530000 -520000 -510000 -500000
-490000 -480000 -470000 -460000 -450000 -440000 -430000 -420000 -410000 -400000
-390000 -380000 -370000 -360000 -350000 -340000 -330000 -320000 -310000 -300000
-290000 -280000 -270000 -260000 -250000 -240000 -230000 -220000 -210000 -200000
-190000 -180000 -170000 -160000 -150000 -140000 -130000 -120000 -110000 -100000
-90000 -80000 -70000 -60000 -50000 -40000 -30000 -20000 -10000 0
10000 20000 30000 40000 50000 60000 70000 80000 90000 100000
110000 120000 130000 140000 150000 160000 170000 180000 190000 200000
210000 220000 230000 240000 250000 260000 270000 280000 290000 300000
310000 320000 330000 340000 350000 360000 370000 380000 390000 400000
410000 420000 430000 440000 450000 460000 470000 480000 490000 500000
510000 520000 530000 540000 550000 560000 570000 580000 590000 600000
610000 620000 630000 640000 650000 660000 670000 680000 690000 700000
710000 720000 730000 740000 750000 760000 770000 780000 790000 800000
810000 820000 830000 840000 850000 860000 870000 880000 890000 900000
910000 920000 930000 940000 950000 960000 970000 980000 990000 1000000
1010000 1020000 1030000 1040000 1050000 1060000 1070000 1080000 1090000 1100000
1110000 1120000 1130000 1140000 1150000 1160000 1170000 1180000 1190000 1200000
1210000 1220000 1230000 1240000 1250000 1260000 1270000 1280000 1290000 1300000
1310000 1320000 1330000 1340000 1350000 1360000 1370000 1380000 1390000 1400000
1410000 1420000 1430000 1440000 1450000 1460000 1470000 1480000 1490000 1500000
1510000 1520000 1530000 1540000 1550000 1560000 1570000 1580000 1590000 1600000
1610000 1620000 1630000 1640000 1650000 1660000 1670000 1680000 1690000 1700000
1710000 1720000 1730000 1740000 1750000 1760000 1770000 1780000 1790000 1800000
1810000 1820000 1830000 1840000 1850000 1860000 1870000 1880000 1890000 1900000
1910000 1920000 1930000 1940000 1950000 1960000 1970000 1980000 1990000 2000000
2010000 2020000 2030000 2040000 2050000 2060000 2070000 2080000 2090000 2100000
2110000 2120000 2130000 2140000 2150000 2160000 2170000 2180000 2190000 2200000
2210000 2220000 2230000 2240000 2250000 2260000 2270000 2280000 2290000 2300000
2310000 2320000 2330000 2340000 2350000 2360000 2370000 2380000 2390000 2400000
2410000 2420000 2430000 2440000 2450000 2460000 2470000 2480000 2490000 2500000
2510000 2520000 2530000 2540000 2550000 2560000 2570000 2580000 2590000 2600000
2610000 2620000 2630000 2640000 2650000 2660000 2670000 2680000 2690000 2700000
2710000 2720000 2730000 2740000 2750000 2760000 2770000 2780000 2790000 2800000
2810000 2820000 2830000 2840000 2850000 2860000 2870000 2880000 2890000 2900000
2910000 2920000 2930000 2940000 2950000 2960000 2970000 2980000 2990000 3000000
3010000 3020000 3030000 3040000 3050000 3060000 3070000 3080000 3090000 3100000
3110000 3120000 3130000 3140000 3150000 3160000 3170000 3180000 3190000 3200000
3210000 3220000 3230000 3240000 3250000 3260000 3270000 3280000 3290000 3300000
3310000 3320000 3330000 3340000 3350000 3360000 3370000 3380000 3390000 3400000
3410000 3420000 3430000 3440000 3450000 3460000 3470000 3480000 3490000 3500000
3510000 3520000 3530000 3540000 3550000 3560000 3570000 3580000 3590000 3600000
3610000 3620000 3630000 3640000 3650000 3660000 3670000 3680000 3690000 3700000
3710000 3720000 3730000 3740000 3750000 3760000 3770000 3780000 3790000 3800000
3810000 3820000 3830000 3840000 3850000 3860000 3870000 3880000 3890000 3900000
3910000 3920000 3930000 3940000 3950000 3960000 3970000 3980000 3990000 4000000
4010000 4020000 4030000 4040000 4050000 4060000 4070000 4080000 4090000 4100000
4110000 4120000 4130000 4140000 4150000 4160000 4170000 4180000 4190000 4200000
4210000 4220000 4230000 4240000 4250000 4260000 4270000 4280000 4290000 4300000
4310000 4320000 4330000 4340000 4350000 4360000 4370000 4380000 4390000 4400000
4410000 4420000 4430000 4440000 4450000 4460000 4470000 4480000 4490000 4500000
4510000 4520000 4530000 4540000 4550000 4560000 4570000 4580000 4590000 4600000
4610000 4620000 4630000 4640000 4650000 4660000 4670000 4680000 4690000 4700000
4710000 4720000 4730000 4740000 4750000 4760000 4770000 4780000 4790000 4800000
4810000 4820000 4830000 4840000 4850000 4860000 4870000 4880000 4890000 4900000
4910000 4920000 4930000 4940000 4950000 4960000 4970000 4980000 4990000 5000000
5010000 5020000 5030000 5040000 5050000 5060000 5070000 5080000 5090000 5100000
5110000 5120000 5130000 5140000
730 100
70 40 10 -20 -50 -80 -110 -140 -170 -200 -230 -260
-290 -320 -350 -380 -410 -440 -470 -500 -530 -560 -590 -620
-650 -680 -710 -740 -770 -800 -830 -860 -890 -920 -950 -980
-1010 -1040 -1070 -1100 -1130 -1160 -1190 -1220 -1250 -1280 -1310 -1340
-1370 -1400 -1430 -1460 -1490 -1520 -1550 -1580 -1610 -1640 -1670 -1700
-1730 -1760 -1790 -1820 -1850 -1880 -1910 -1940 -1970 -2000 -2030 -2060
-2090 -2120 -2150 -2180 -2210 -2240 -2270 -2300 -2330 -2360 -2390 -2420
-2450 -2480 -2510 -2540 -2570 -2600 -2630 -2660 -2690 -2720 -2750 -2780
-2810 -2840 -2870 -2900 -2930 -2960 -2990 -3020 -3050 -3080 -3110 -3140
-3170 -3200 -3230 -3260 -3290 -3320 -3350 -3380 -3410 -3440 -3470 -3500
-3530 -3560 -3590 -3620 -3650 -3680 -3710 -3740 -3770 -3800 -3830 -3860
-3890 -3920 -3950 -3980 -4010 -4040 -4070 -4100 -4130 -4160 -4190 -4220
-4250 -4280 -4310 -4340 -4370 -4400 -4430 -4460 -4490 -4520 -4550 -4580
-4610 -4640 -4670 -4700 -4730 -4760 -4790 -4820 -4850 -4880 -4910 -4940
-4970 -5000 -5030 -5060 -5090 -5120 -5150 -5180 -5210 -5240 -5270 -5300
-5330 -5360 -5390 -5420 -5450 -5480 -5510 -5540 -5570 -5600 -5630 -5660
-5690 -5720 -5750 -5780 -5810 -5840 -5870 -5900 -5930 -5960 -5990 -6020
-6050 -6080 -6110 -6140 -6170 -6200 -6230 -6260 -6290 -6320 -6350 -6380
-6410 -6440 -6470 -6500 -6530 -6560 -6590 -6620 -6650 -6680 -6710 -6740
-6770 -6800 -6830 -6860 -6890 -6920 -6950 -6980 -7010 -7040 -7070 -7100
-7130 -7160 -7190 -7220 -7250 -7280 -7310 -7340 -7370 -7400 -7430 -7460
-7490 -7520 -7550 -7580 -7610 -7640 -7670 -7700 -7730 -7760 -7790 -7820
-7850 -7880 -7910 -7940 -7970 -8000 -8030 -8060 -8090 -8120 -8150 -8180
-8210 -8240 -8270 -8300 -8330 -8360 -8390 -8420 -8450 -8480 -8510 -8540
-8570 -8600 -8630 -8660 -8690 -8720 -8750 -8780 -8810 -8840 -8870 -8900
-8930 -8960 -8990 -9020 -9050 -9080 -9110 -9140 -9170 -9200 -9230 -9260
-9290 -9320 -9350 -9380 -9410 -9440 -9470 -9500 -9530 -9560 -9590 -9620
-9650 -9680 -9710 -9740 -9770 -9800 -9830 -9860 -9890 -9920 -9950 -9980
-10010 -10040 -10070 -10100 -10130 -10160 -10190 -10220 -10250 -10280 -10310 -10340
-10370 -10400 -10430 -10460 -10490 -10520 -10550 -10580 -10610 -10640 -10670 -10700
-10730 -10760 -10790 -10820 11050 11080 11110 11140 11170 11200 11230 11260 11290 11320 11350
11380 11410 11440 11470 11500 11530 11560 11590 11620 11650 11680 11710 11740 11770 11800
11830 11860 11890 11920 11950 11980 12010 12040 12070 12100 12130 12160 12190 12220 12250
12280 12310 12340 12370 12400 12430 12460 12490 12520 12550 12580 12610 12640 12670 12700
12730 12760 12790 12820 12850 12880 12910 12940 12970 13000 13030 13060 13090 13120 13150
13180 13210 13240 13270 13300 13330 13360 13390 13420 13450 13480 13510 13540 13570 13600
13630 13660 13690 13720 13750 13780 13810 13840 13870 13900 13930 13960 13990 14020 14050
14080 14110 14140 14170 14200 14230 14260 14290 14320 14350 14380 14410 14440 14470 14500
14530 14560 14590 14620 14650 14680 14710 14740 14770 14800 14830 14860 14890 14920 14950
14980 15010 15040 15070 15100 15130 15160 15190 15220 15250 15280 15310 15340 15370 15400
15430 15460 15490 15520 15550 15580 15610 15640 15670 15700 15730 15760 15790 15820 15850
15880 15910 15940 15970 16000 16030 16060 16090 16120 16150 16180 16210 16240 16270 16300
16330 16360 16390 16420 16450 16480 16510 16540 16570 16600 16630 16660 16690 16720 16750
16780 16810 16840 16870 16900 16930 16960 16990 17020 17050 17080 17110 17140 17170 17200
17230 17260 17290 17320 17350 17380 17410 17440 17470 17500 17530 17560 17590 17620 17650
17680 17710 17740 17770 17800 17830 17860 17890 17920 17950 17980 18010 18040 18070 18100
18130 18160 18190 18220 18250 18280 18310 18340 18370 18400 18430 18460 18490 18520 18550
18580 18610 18640 18670 18700 18730 18760 18790 18820 18850 18880 18910 18940 18970 19000
19030 19060 19090 19120 19150 19180 19210 19240 19270 19300 19330 19360 19390 19420 19450
19480 19510 19540 19570 19600 19630 19660 19690 19720 19750 19780 19810 19840 19870 19900
19930 19960 19990 20020 20050 20080 20110 20140 20170 20200 20230 20260 20290 20320 20350
20380 20410 20440 20470 20500 20530 20560 20590 20620 20650 20680 20710 20740 20770 20800
20830 20860 20890 20920 20950 20980 21010 21040 21070 21100 21130 21160 21190 21220 21250
21280 21310 21340 21370 21400 21430 21460 21490 21520 21550 21580 21610 21640 21670 21700
21730 21760 21790 21820 21850 21880 21910 21940 21970
142 100
70 40 10 -20 -50 -80 -110 -140 -170 -200 -230 -260 -290 -320 -350 -380 -410 -440
-470 -500 -530 -560 -590 -620 -650 -680 -710 -740 -770 -800 -830 -860 -890 -920 -950 -980
-1010 -1040 -1070 -1100 -1130 -1160 -1190 -1220 -1250 -1280 -1310 -1340 -1370 -1400 -1430 -1460 -1490 -1520
-1550 -1580 -1610 -1640 -1670 -1700 -1730 -1760 -1790 -1820 -1850 -1880 -1910 -1940 -1970 -2000 -2030 -2060
-2090 -2120 -2150 -2180 -2210 -2240 -2270 -2300 -2330 -2360 -2390 -2420 -2450 -2480 -2510 -2540 -2570 -2600
-2630 -2660 -2690 2920 2950 2980 3010 3040 3070 3100 3130 3160 3190 3220 3250 3280 3310 3340 3370 3400 3430 3460 3490 3520 3550 3580 3610 3640 3670 3700
3730 3760 3790 3820 3850 3880 3910 3940 3970 4000 4030 4060 4090 4120 4150 4180 4210 4240 4270 4300 -4130
11 9 9 7 6 5 1 2 3 4 10 100
0
