108
20 5
20 9
10 10
1000000000 1
1000000000 2
1000000000 1000000000
1 1000000000
1 1
4353 45
9797 39
360 85
4493 25
6913 2
5711 100
9128 78
6205 30
2671 27
4554 52
5340 100
4108 97
6137 42
7729 44
4596 55
2775 57
8045 50
7875 48
4043 30
1643 94
918 67
1036 26
9470 84
9333 9
3395 83
4377 86
1947 87
289 83
9631 93
3896 14
6606 8
6333 73
9785 57
437 3
2053 48
6070 8
8796 33
4637 49
6381 99
5368 49
263 65
9101 13
3809 48
610 57
7990 58
7187 54
4545 94
863 18
9861 94
5178 46
3112 87
8365 67
2163 5
5538 61
9907 20
4536 67
1755 92
1845 74
7840 58
6623 49
1020 100
9282 14
3884 1
9245 64
6642 35
5109 11
6787 16
8272 28
6249 69
3611 70
946 58
2373 58
4432 64
9345 55
6264 41
3496 3
451 100
6549 28
6479 34
7975 4
5950 42
691 9
6262 82
847 22
5440 35
3416 36
5082 73
9101 38
4005 33
1954 94
5991 6
7246 77
7786 88
669 15
571 44
9934 8
6155 90
470 37
3874 17
1371 5
