122
3 0 10 
7 4 2 
7 0 2000
19 19 1000000000
19 0 1000000000
15 5 1000000000
10 9 123876
9 6 999999
10 6 9999
1 0 0
1 0 1
1 0 2
1 0 3
1 0 4
1 0 5
1 0 6
1 0 7
1 0 8
1 0 9
1 0 10
1 0 11
1 0 12
1 1 0
16 12 5895
15 13 48
4 4 2
16 15 6
17 12 24121
16 3 3423
10 9 8
5 4 400
13 4 19657
4 3 3
10 2 29704
9 1 12905
1 1 0
17 15 2
16 3 10465
18 14 2139
13 6 14372
10 2 15119
17 1 10135
15 2 3204
9 8 5
2 1 1
18 12 18890
7 3 2661
1 1 10000
11 5 22088
14 4 31508
6 2 1002
12 11 2
14 13 3
3 2 5
2 1 9
7 4 664
10 7 641
2 2 23
6 1 23884
4 1 101
6 3 992
5 4 8
2 1 10
11 1 12352
8 3 30550
8 7 4
11 4 11793
5 1 2520
17 4 28850
19 4 29587
18 9 2304
17 9 15016
19 7 28921
15 1 2797
19 18 2
4 3 7
9 8 6
6 5 8
10 1 32200
19 1 24947
12 1 20624
17 1 19846
12 12 0
1 1 0
18 17 2
18 1 18110
11 6 10667
10 9 0
13 13 0
10 9 0
6 3 175
10 1 2399
2 2 0
11 2 29592
16 7 213
12 7 1034
19 19 0
2 2 0
10 4 7456
7 6 9
5 1 206
1 1 0
2 2 0
19 13 29726
3 2 8
5 3 10
11 2 433
17 1 12976
16 2 23196
19 15 3296
19 17 16
9 2 14372
10 9 6
15 14 6
1 1 0
12 3 25248
2 1 6
14 12 84
15 14 9
11 8 354
19 15 9480
6 3 9
