10
 2 2 2 2 2 2 2 2 2 2
10
 3 3 3 3 3 3 3 3 3 3
10
 1 8 1 8 1 8 1 8 1 8
10
1 2 3 4 5 6 7 8 9 10 
10
10 9 8 7 6 5 4 3 2 1 
11
1 2 3 4 5 6 7 8 9 10 11 
11
11 10 9 8 7 6 5 4 3 2 1 
12
1 2 3 4 5 6 7 8 9 10 11 12 
12
12 11 10 9 8 7 6 5 4 3 2 1 
13
1 2 3 4 5 6 7 8 9 10 11 12 13 
13
13 12 11 10 9 8 7 6 5 4 3 2 1 
14
1 2 3 4 5 6 7 8 9 10 11 12 13 14 
14
14 13 12 11 10 9 8 7 6 5 4 3 2 1 
15
1 2 3 4 5 6 7 8 9 10 11 12 13 14 15 
15
15 14 13 12 11 10 9 8 7 6 5 4 3 2 1 
16
1 2 3 4 5 6 7 8 9 10 11 12 13 14 15 16 
16
16 15 14 13 12 11 10 9 8 7 6 5 4 3 2 1 
17
1 2 3 4 5 6 7 8 9 10 11 12 13 14 15 16 17 
17
17 16 15 14 13 12 11 10 9 8 7 6 5 4 3 2 1 
18
1 2 3 4 5 6 7 8 9 10 11 12 13 14 15 16 17 18 
18
18 17 16 15 14 13 12 11 10 9 8 7 6 5 4 3 2 1 
19
1 2 3 4 5 6 7 8 9 10 11 12 13 14 15 16 17 18 19 
19
19 18 17 16 15 14 13 12 11 10 9 8 7 6 5 4 3 2 1 
20
1 2 3 4 5 6 7 8 9 10 11 12 13 14 15 16 17 18 19 20 
20
20 19 18 17 16 15 14 13 12 11 10 9 8 7 6 5 4 3 2 1 
21
1 2 3 4 5 6 7 8 9 10 11 12 13 14 15 16 17 18 19 20 21 
21
21 20 19 18 17 16 15 14 13 12 11 10 9 8 7 6 5 4 3 2 1 
22
1 2 3 4 5 6 7 8 9 10 11 12 13 14 15 16 17 18 19 20 21 22 
22
22 21 20 19 18 17 16 15 14 13 12 11 10 9 8 7 6 5 4 3 2 1 
23
1 2 3 4 5 6 7 8 9 10 11 12 13 14 15 16 17 18 19 20 21 22 23 
23
23 22 21 20 19 18 17 16 15 14 13 12 11 10 9 8 7 6 5 4 3 2 1 
24
1 2 3 4 5 6 7 8 9 10 11 12 13 14 15 16 17 18 19 20 21 22 23 24 
24
24 23 22 21 20 19 18 17 16 15 14 13 12 11 10 9 8 7 6 5 4 3 2 1 
25
1 2 3 4 5 6 7 8 9 10 11 12 13 14 15 16 17 18 19 20 21 22 23 24 25 
25
25 24 23 22 21 20 19 18 17 16 15 14 13 12 11 10 9 8 7 6 5 4 3 2 1 
26
1 2 3 4 5 6 7 8 9 10 11 12 13 14 15 16 17 18 19 20 21 22 23 24 25 26 
26
26 25 24 23 22 21 20 19 18 17 16 15 14 13 12 11 10 9 8 7 6 5 4 3 2 1 
27
1 2 3 4 5 6 7 8 9 10 11 12 13 14 15 16 17 18 19 20 21 22 23 24 25 26 27 
27
27 26 25 24 23 22 21 20 19 18 17 16 15 14 13 12 11 10 9 8 7 6 5 4 3 2 1 
28
1 2 3 4 5 6 7 8 9 10 11 12 13 14 15 16 17 18 19 20 21 22 23 24 25 26 27 28 
28
28 27 26 25 24 23 22 21 20 19 18 17 16 15 14 13 12 11 10 9 8 7 6 5 4 3 2 1 
29
1 2 3 4 5 6 7 8 9 10 11 12 13 14 15 16 17 18 19 20 21 22 23 24 25 26 27 28 29 
29
29 28 27 26 25 24 23 22 21 20 19 18 17 16 15 14 13 12 11 10 9 8 7 6 5 4 3 2 1 
30
1 2 3 4 5 6 7 8 9 10 11 12 13 14 15 16 17 18 19 20 21 22 23 24 25 26 27 28 29 30 
30
30 29 28 27 26 25 24 23 22 21 20 19 18 17 16 15 14 13 12 11 10 9 8 7 6 5 4 3 2 1 
31
1 2 3 4 5 6 7 8 9 10 11 12 13 14 15 16 17 18 19 20 21 22 23 24 25 26 27 28 29 30 31 
31
31 30 29 28 27 26 25 24 23 22 21 20 19 18 17 16 15 14 13 12 11 10 9 8 7 6 5 4 3 2 1 
32
1 2 3 4 5 6 7 8 9 10 11 12 13 14 15 16 17 18 19 20 21 22 23 24 25 26 27 28 29 30 31 32 
32
32 31 30 29 28 27 26 25 24 23 22 21 20 19 18 17 16 15 14 13 12 11 10 9 8 7 6 5 4 3 2 1 
33
1 2 3 4 5 6 7 8 9 10 11 12 13 14 15 16 17 18 19 20 21 22 23 24 25 26 27 28 29 30 31 32 33 
33
33 32 31 30 29 28 27 26 25 24 23 22 21 20 19 18 17 16 15 14 13 12 11 10 9 8 7 6 5 4 3 2 1 
34
1 2 3 4 5 6 7 8 9 10 11 12 13 14 15 16 17 18 19 20 21 22 23 24 25 26 27 28 29 30 31 32 33 34 
34
34 33 32 31 30 29 28 27 26 25 24 23 22 21 20 19 18 17 16 15 14 13 12 11 10 9 8 7 6 5 4 3 2 1 
35
1 2 3 4 5 6 7 8 9 10 11 12 13 14 15 16 17 18 19 20 21 22 23 24 25 26 27 28 29 30 31 32 33 34 35 
35
35 34 33 32 31 30 29 28 27 26 25 24 23 22 21 20 19 18 17 16 15 14 13 12 11 10 9 8 7 6 5 4 3 2 1 
36
1 2 3 4 5 6 7 8 9 10 11 12 13 14 15 16 17 18 19 20 21 22 23 24 25 26 27 28 29 30 31 32 33 34 35 36 
36
36 35 34 33 32 31 30 29 28 27 26 25 24 23 22 21 20 19 18 17 16 15 14 13 12 11 10 9 8 7 6 5 4 3 2 1 
37
1 2 3 4 5 6 7 8 9 10 11 12 13 14 15 16 17 18 19 20 21 22 23 24 25 26 27 28 29 30 31 32 33 34 35 36 37 
37
37 36 35 34 33 32 31 30 29 28 27 26 25 24 23 22 21 20 19 18 17 16 15 14 13 12 11 10 9 8 7 6 5 4 3 2 1 
38
1 2 3 4 5 6 7 8 9 10 11 12 13 14 15 16 17 18 19 20 21 22 23 24 25 26 27 28 29 30 31 32 33 34 35 36 37 38 
38
38 37 36 35 34 33 32 31 30 29 28 27 26 25 24 23 22 21 20 19 18 17 16 15 14 13 12 11 10 9 8 7 6 5 4 3 2 1 
39
1 2 3 4 5 6 7 8 9 10 11 12 13 14 15 16 17 18 19 20 21 22 23 24 25 26 27 28 29 30 31 32 33 34 35 36 37 38 39 
39
39 38 37 36 35 34 33 32 31 30 29 28 27 26 25 24 23 22 21 20 19 18 17 16 15 14 13 12 11 10 9 8 7 6 5 4 3 2 1 
13
30 34 30 34 15 34 2 7 9 40 1 15 21 
19
29 20 1 15 21 4 32 4 32 17 19 6 19 45 19 45 19 17 8 
14
47 34 2 23 26 10 26 1 2 34 30 6 10 26 
15
27 37 27 9 27 37 1 35 1 8 17 1 15 10 15 
20
1 35 14 35 29 35 14 35 29 7 2 2 23 13 3 22 27 37 12 37 
11
13 12 4 21 15 34 30 34 30 6 43 
21
19 30 34 15 10 39 42 39 25 1 35 1 24 1 2 7 9 16 20 29 20 
23
33 31 33 31 5 11 5 1 24 1 3 13 36 13 12 13 36 13 12 24 12 24 12 
16
23 2 23 26 1 8 8 28 1 3 33 48 16 20 44 20 
0