354
2008 2016
1996 2020
1990 2024
400 401
400 402
400 403
400 404
400 405
400 499
400 500
400 502
400 501
400 503
400 504
400 505
400 506
400 507
400 408
1 5
2 5
3 5
4 5
5 5
4 4
4 104
4 404
4 804
4 399
92 98
92 100
92 104
100 104
92 200
92 204
92 400
92 404
92 500
92 504
92 800
92 804
92 900
92 904
400 400
92 92
100 100
400 404
400 500
400 504
400 800
400 804
400 600
400 604
304 404
6192 18896
3220 3474
17028 17033
19608 27807
11220 15485
6560 26751
5012 31213
17284 20787
1808 12386
10196 14230
7064 15604
6080 7645
564 1446
704 9649
52 1989
24284 29397
9024 24735
3120 30545
5532 11147
6448 28472
3624 4153
968 1998
6912 24477
508 1619
6132 18240
4288 4402
8188 9818
620 3513
25032 31141
1972 5800
12352 25766
14516 17098
5592 26866
4800 6217
2212 7279
3336 28390
588 22065
2204 18291
14112 24275
30860 32039
20668 26722
104 18979
13212 19040
3104 13788
1716 6587
6060 16160
180 4098
4580 6302
7836 11688
3632 11786
15824 20603
2764 21253
8756 15700
20764 32740
1812 13326
15776 23392
12148 19336
5984 24826
784 12244
10776 14324
1080 27772
2284 14411
4848 29809
8592 15140
24 1684
468 4415
5432 8505
9356 31137
20180 30313
17872 18756
8548 26565
5080 17211
1496 3455
16116 17485
980 26459
4928 13242
3704 23863
2048 3575
196 4944
3784 28356
3304 31046
11644 13822
17812 23322
9444 31320
20680 26576
6460 30873
884 3775
2024 19039
4184 13333
6384 9969
19324 27328
30076 30405
2948 5829
1528 7979
9196 22651
11484 13574
2680 13185
13252 21710
4372 9869
932 1614
1 1000000000000000
4 1000000000000000
8 999999990216346
12 999999980432692
16 999999970649038
20 999999960865384
24 999999951081730
28 999999941298076
32 999999931514422
36 999999921730768
40 999999911947114
44 999999902163460
48 999999892379806
52 999999882596152
56 999999872812498
60 999999863028844
64 999999853245190
68 999999843461536
72 999999833677882
76 999999823894228
80 999999814110574
84 999999804326920
88 999999794543266
92 999999784759612
96 999999774975958
100 999999765192304
104 999999755408650
108 999999745624996
112 999999735841342
116 999999726057688
120 999999716274034
124 999999706490380
128 999999696706726
132 999999686923072
136 999999677139418
140 999999667355764
144 999999657572110
148 999999647788456
152 999999638004802
156 999999628221148
160 999999618437494
164 999999608653840
168 999999598870186
172 999999589086532
176 999999579302878
180 999999569519224
184 999999559735570
188 999999549951916
192 999999540168262
196 999999530384608
200 999999520600954
204 999999510817300
208 999999501033646
212 999999491249992
216 999999481466338
220 999999471682684
224 999999461899030
228 999999452115376
232 999999442331722
236 999999432548068
240 999999422764414
244 999999412980760
248 999999403197106
252 999999393413452
256 999999383629798
260 999999373846144
264 999999364062490
268 999999354278836
272 999999344495182
276 999999334711528
280 999999324927874
284 999999315144220
288 999999305360566
292 999999295576912
296 999999285793258
300 999999276009604
304 999999266225950
308 999999256442296
312 999999246658642
316 999999236874988
320 999999227091334
324 999999217307680
328 999999207524026
332 999999197740372
336 999999187956718
340 999999178173064
344 999999168389410
348 999999158605756
352 999999148822102
356 999999139038448
360 999999129254794
364 999999119471140
368 999999109687486
372 999999099903832
376 999999090120178
380 999999080336524
384 999999070552870
388 999999060769216
392 999999050985562
396 999999041201908
400 999999031418254
4 1000000000000000
8 999999999999999
12 999999999999998
16 999999999999997
20 999999999999996
24 999999999999995
28 999999999999994
32 999999999999993
36 999999999999992
40 999999999999991
44 999999999999990
48 999999999999989
52 999999999999988
56 999999999999987
60 999999999999986
64 999999999999985
68 999999999999984
72 999999999999983
76 999999999999982
80 999999999999981
84 999999999999980
88 999999999999979
92 999999999999978
96 999999999999977
100 999999999999976
104 999999999999975
108 999999999999974
112 999999999999973
116 999999999999972
120 999999999999971
124 999999999999970
128 999999999999969
132 999999999999968
136 999999999999967
140 999999999999966
144 999999999999965
148 999999999999964
152 999999999999963
156 999999999999962
160 999999999999961
164 999999999999960
168 999999999999959
172 999999999999958
176 999999999999957
180 999999999999956
184 999999999999955
188 999999999999954
192 999999999999953
196 999999999999952
200 999999999999951
204 999999999999950
208 999999999999949
212 999999999999948
216 999999999999947
220 999999999999946
224 999999999999945
228 999999999999944
232 999999999999943
236 999999999999942
240 999999999999941
244 999999999999940
248 999999999999939
252 999999999999938
256 999999999999937
260 999999999999936
264 999999999999935
268 999999999999934
272 999999999999933
276 999999999999932
280 999999999999931
284 999999999999930
288 999999999999929
292 999999999999928
296 999999999999927
300 999999999999926
304 999999999999925
308 999999999999924
312 999999999999923
316 999999999999922
320 999999999999921
324 999999999999920
328 999999999999919
332 999999999999918
336 999999999999917
340 999999999999916
344 999999999999915
348 999999999999914
352 999999999999913
356 999999999999912
360 999999999999911
364 999999999999910
368 999999999999909
372 999999999999908
376 999999999999907
380 999999999999906
384 999999999999905
388 999999999999904
392 999999999999903
396 999999999999902
400 999999999999901
