46220 284
230 294
1184 1210
1284 1310
2620 2924
2630 2934
5020 5564
5030 5574
6232 6368
6242 6378
10744 10856
10754 10866
12285 14595
12385 14695
17296 18416
17396 18516
63020 76084
63120 76184
66928 66992
67928 67992
67095 71145
67195 71245
69615 87633
69715 87733
79750 88730
79850 88830
100485 124155
101485 125155
122265 139815
122365 139915
122368 123152
123368 124152
141664 153176
143664 154176
142310 168730
143310 169730
171856 176336
172856 177336
176272 180848
177272 181848
185368 203432
186368 204432
196724 202444
197724 203444
280540 365084
281540 366084