105
3
4
2
1000000
999999
21620
30201
31625
30065
19746
1603
10483
27288
11454
1145
18545
27139
4107
17448
8677
5214
27671
8433
12803
1243
31576
1860
8198
16412
250
31340
15265
2643
22136
15308
5945
26792
30570
30568
4689
20955
32670
6567
26694
21034
20329
12887
5948
9845
19007
2289
13144
4768
25474
17950
31280
30521
28056
22139
14975
27226
24384
27289
25630
22481
806
14409
21551
27775
17845
24854
12699
20734
5420
8722
28096
30599
2036
12502
15715
274
15665
27076
7660
32190
11159
13199
15058
3188
21118
15358
18260
7623
313
29164
8298
24095
10404
24724
19195
2839
27389
20491
8784
14371
