123
254
125
1234567890
9999999999999999999999999999999999999999999999999999999999999999999999999999999999999999999999999999
1111111111111111111111111111111111111111111111111111111111111111111111111111111111111111111111111111
2222222222222222222222222222222222222222222222222222222222222222222222222222222222222222222222222222
3333333333333333333333333333333333333333333333333333333333333333333333333333333333333333333333333333
4444444444444444444444444444444444444444444444444444444444444444444444444444444444444444444444444444
5555555555555555555555555555555555555555555555555555555555555555555555555555555555555555555555555555
6666666666666666666666666666666666666666666666666666666666666666666666666666666666666666666666666666
7777777777777777777777777777777777777777777777777777777777777777777777777777777777777777777777777777
8888888888888888888888888888888888888888888888888888888888888888888888888888888888888888888888888888
1000000000000000000000000000000000000000000000000000000000000000000000000000000000000000000000000000
0
1
2
3
4
5
6
7
8
9
578049341495893059484408
52976103829935679952367475096953825
5349551654
5292520839749478514987418
555
564240095539929678251026837935582253576677
55599629400377842493925
5616247936172434239061208641393797858582782
57275
53458991011699097721209777732014
526684061092287103
4968848320745748477193482563295822739
538896331258869044553531579770126664520343072
5717304526483472254736842916345378796
51750314492227129191750
5264468
565499862643270570
570489000411566696893118011660353613338167
4933829055634035
491050853990157327
51542306162541277137886534160
5720
5273818812112605121886017412732682
579907983169
51562772331347
51978599148884274568
1493803128654538226788956049463402709291
543881592319214225271770020669519362043034147481
3120796927691162492
5074506299040727991328741
23171331
515182426754137313450986777519042158
5715038414742307115249128650
49312481887390892358178984433274399
502374577916763977500549085892423189316989128
49174044591562348569138085633329872081948036
49199
4993875679113528487248609164278918987348597287
5639557021623148
49287147045112292620088113455378426657
54441050104475946228
92307837631463426595696973958899676874542391391382
5673332300625266419
5414238102536343760481163157965876435642572701986
558370
49747091234116376408317408438605648386125650683833
5108
5720258602399
501064
5656208390567814180356560276990986
51061875
5711006527838338981141290702871951815
55067583622862
564719535
575225148321659194049000427426790622784834311170438
4965084787293406101602941
52273323498746849624724337
49829234929563165214153562347089
547798028183582456377793146
53818056729262400149136536662754
5751156498648090094132486724087292237731548273615
5585124142111300549084
4998710630311394728882583998082967187062399207126
548342
5709484452014890318771066672741793665963
49439027998238007132893025333
53867942132491539840815509761930456438405
5419501124037020760433855381362361331
5250
556612
55678168221353963799805
565497097289109988965765888
578634694903299822801867925803999289
57287096509019976922654232439751873993851746577
5562
49342057250168917933
56582522759694867874548414448449
57
5490726576743292996278
553248683400799718391513657952972400912
57211676876520297989794964970145712433553503783104
507667100957257777535811865313
494484552225
5039647275486111843655572201688758540010
534217772
5610113103819086132210033968431307335115415540315
5380885185996958301929578246148942716707846
4953933271237765036023051695
50945383012193363886517161490574032986323008815096
5788431755296837502109078472441695070373728901
5446500
5072
54786643867
5258226047380556279770973801186409185
5299497059786149904939761490191941752193423353
54769042985281684495877854480091988299925
49325279510786927617
5291472173341855490632104983810059216
54636751064187580282132
535376663
