1010
1
2
3
4
5
6
7
8
9
10
11
12
13
14
15
16
17
18
19
20
21
22
23
24
25
26
27
28
29
30
31
32
33
34
35
36
37
38
39
40
41
42
43
44
45
46
47
48
49
50
51
52
53
54
55
56
57
58
59
60
61
62
63
64
65
66
67
68
69
70
71
72
73
74
75
76
77
78
79
80
81
82
83
84
85
86
87
88
89
90
91
92
93
94
95
96
97
98
99
100
101
102
103
104
105
106
107
108
109
110
111
112
113
114
115
116
117
118
119
120
121
122
123
124
125
126
127
128
129
130
131
132
133
134
135
136
137
138
139
140
141
142
143
144
145
146
147
148
149
150
151
152
153
154
155
156
157
158
159
160
161
162
163
164
165
166
167
168
169
170
171
172
173
174
175
176
177
178
179
180
181
182
183
184
185
186
187
188
189
190
191
192
193
194
195
196
197
198
199
200
201
202
203
204
205
206
207
208
209
210
211
212
213
214
215
216
217
218
219
220
221
222
223
224
225
226
227
228
229
230
231
232
233
234
235
236
237
238
239
240
241
242
243
244
245
246
247
248
249
250
251
252
253
254
255
256
257
258
259
260
261
262
263
264
265
266
267
268
269
270
271
272
273
274
275
276
277
278
279
280
281
282
283
284
285
286
287
288
289
290
291
292
293
294
295
296
297
298
299
300
301
302
303
304
305
306
307
308
309
310
311
312
313
314
315
316
317
318
319
320
321
322
323
324
325
326
327
328
329
330
331
332
333
334
335
336
337
338
339
340
341
342
343
344
345
346
347
348
349
350
351
352
353
354
355
356
357
358
359
360
361
362
363
364
365
366
367
368
369
370
371
372
373
374
375
376
377
378
379
380
381
382
383
384
385
386
387
388
389
390
391
392
393
394
395
396
397
398
399
400
401
402
403
404
405
406
407
408
409
410
411
412
413
414
415
416
417
418
419
420
421
422
423
424
425
426
427
428
429
430
431
432
433
434
435
436
437
438
439
440
441
442
443
444
445
446
447
448
449
450
451
452
453
454
455
456
457
458
459
460
461
462
463
464
465
466
467
468
469
470
471
472
473
474
475
476
477
478
479
480
481
482
483
484
485
486
487
488
489
490
491
492
493
494
495
496
497
498
499
500
31683
12119
30497
10848
6719
29052
27691
23577
2252
30705
19124
12803
23740
31828
14646
32449
3067
4975
21920
5012
24980
24495
28154
9841
7030
18392
11339
24151
5497
1528
14779
31199
9628
8858
7413
17429
3472
12347
22479
19334
9595
23298
2093
3994
9206
8363
4130
6180
10071
17605
2393
11064
25654
21789
1972
5437
7466
21114
28466
14146
18388
20874
24854
20374
799
10269
1094
12434
17093
31377
11505
22970
21526
15757
10100
9989
8181
32755
10879
2680
20003
4367
13427
1017
11712
22293
22543
19299
1806
27082
15436
24790
14969
17793
21381
30545
20692
10825
3547
28034
24806
31589
2776
18652
28197
13052
3667
26347
9409
15890
15507
22756
5860
21687
25015
7553
24377
8830
18516
11531
19627
21297
25441
3000
31599
22467
20304
22072
32580
30598
28286
31883
761
414
9421
7957
304
12982
30351
16884
31331
8946
3751
19089
19492
20516
28650
31605
3497
6210
21964
25183
5511
14360
2104
27795
3262
8762
9919
5492
13046
16957
12021
25429
14344
38
16920
9869
20160
6179
28147
11977
23778
6777
32002
27303
27754
10174
4567
9600
16920
15688
4540
22404
15660
9701
8858
15373
25711
25292
16410
8749
17522
8404
11273
11145
794
3556
15873
28011
19548
8875
22086
10258
31814
13457
30702
2125
10815
25581
20037
10056
31119
14968
8559
15525
21282
3586
32335
14030
27784
31587
5544
11658
16449
3509
5762
25295
23352
26048
2000
17880
9101
30134
25935
11382
31895
9505
945
13995
27690
28953
32763
4213
9493
23738
15916
1512
6895
17877
15135
7551
788
29158
13746
11444
26346
26438
29480
6862
11113
26274
8908
17915
12762
6316
9431
16030
30174
17424
14484
19690
19635
8106
21954
29872
10675
5366
13626
27509
3101
1736
19666
13512
31256
28733
17024
22739
11509
28657
6851
26927
21173
4978
9790
18429
2251
30453
29350
25906
29731
3400
17119
26162
6754
9224
21090
27553
24688
30740
26594
26997
21044
28225
31535
17744
6046
17488
29274
12046
15083
19997
14874
26521
9252
4888
15726
27141
28136
24569
132
10969
30572
8368
25306
25002
22464
5787
19619
4335
5716
16124
19308
16400
19642
32170
25087
7104
5549
24583
3976
28813
27987
3121
20982
13237
26303
12413
10148
3644
23226
1825
21561
7739
29635
16944
27853
25211
15188
29644
28493
1090
3175
18071
26912
29549
3897
6762
28938
2239
8782
22858
30801
8825
21685
6295
14111
28459
21901
23175
14376
23241
31944
979
18316
20993
20783
22960
18687
20428
12198
7169
14631
26948
30642
4043
24133
19381
24888
3561
27672
24822
24456
27137
7935
3578
13721
17846
4701
16290
8086
9247
22081
14805
13722
20856
2119
23763
27577
29464
29625
21702
21311
21411
31994
26523
316
16257
23589
21775
15936
1423
27377
32013
25443
28692
2520
16439
2184
18934
24696
20163
26595
17454
32057
22920
6841
20345
6192
22872
4967
15952
32067
24721
30886
17179
24974
10991
17933
7842
10246
24484
21976
4804
22876
14763
14311
28011
21285
2649
31242
16319
29239
18997
17787
5530
15446
11273
30124
16700
19728
26169
3139
3905
2533
9812
9827
30416
25003
25321
1000000000
999999999
999999998
999999997
999999996
999999995
999999994
999999993
999999992
999999991
